0.03125 3.0517578125E-05 0.6
0.03125 0.0001220703125 0.857142857142857
0.03125 0.00048828125 0.857142857142857
0.03125 0.001953125 0.857142857142857
0.03125 0.0078125 0.857142857142857
0.03125 0.03125 0.857142857142857
0.03125 0.125 0.857142857142857
0.03125 0.5 0.857142857142857
0.03125 2 0.857142857142857
0.03125 8 0.857142857142857
0.125 3.0517578125E-05 0.857142857142857
0.125 0.0001220703125 0.857142857142857
0.125 0.00048828125 0.857142857142857
0.125 0.001953125 0.857142857142857
0.125 0.0078125 0.857142857142857
0.125 0.03125 0.857142857142857
0.125 0.125 0.857142857142857
0.125 0.5 0.857142857142857
0.125 2 0.857142857142857
0.125 8 0.857142857142857
0.5 3.0517578125E-05 0.857142857142857
0.5 0.0001220703125 0.857142857142857
0.5 0.00048828125 0.857142857142857
0.5 0.001953125 0.857142857142857
0.5 0.0078125 0.857142857142857
0.5 0.03125 0.857142857142857
0.5 0.125 0.857142857142857
0.5 0.5 0.857142857142857
0.5 2 0.857142857142857
0.5 8 0.857142857142857
2 3.0517578125E-05 0.857142857142857
2 0.0001220703125 0.857142857142857
2 0.00048828125 0.857142857142857
2 0.001953125 0.857142857142857
2 0.0078125 0.857142857142857
2 0.03125 0.857142857142857
2 0.125 0.857142857142857
2 0.5 0.857142857142857
2 2 0.857142857142857
2 8 0.857142857142857
8 3.0517578125E-05 0.857142857142857
8 0.0001220703125 0.857142857142857
8 0.00048828125 0.857142857142857
8 0.001953125 0.857142857142857
8 0.0078125 0.857142857142857
8 0.03125 0.857142857142857
8 0.125 0.857142857142857
8 0.5 0.857142857142857
8 2 0.857142857142857
8 8 0.857142857142857
32 3.0517578125E-05 0.857142857142857
32 0.0001220703125 0.857142857142857
32 0.00048828125 0.857142857142857
32 0.001953125 0.857142857142857
32 0.0078125 0.857142857142857
32 0.03125 0.857142857142857
32 0.125 0.857142857142857
32 0.5 0.857142857142857
32 2 0.857142857142857
32 8 0.857142857142857
128 3.0517578125E-05 0.892857142857143
128 0.0001220703125 0.853571428571429
128 0.00048828125 0.857142857142857
128 0.001953125 0.857142857142857
128 0.0078125 0.857142857142857
128 0.03125 0.857142857142857
128 0.125 0.857142857142857
128 0.5 0.857142857142857
128 2 0.857142857142857
128 8 0.857142857142857
512 3.0517578125E-05 0.896428571428571
512 0.0001220703125 0.857142857142857
512 0.00048828125 0.857142857142857
512 0.001953125 0.857142857142857
512 0.0078125 0.857142857142857
512 0.03125 0.857142857142857
512 0.125 0.857142857142857
512 0.5 0.857142857142857
512 2 0.857142857142857
512 8 0.857142857142857
2048 3.0517578125E-05 0.903571428571429
2048 0.0001220703125 0.857142857142857
2048 0.00048828125 0.857142857142857
2048 0.001953125 0.857142857142857
2048 0.0078125 0.857142857142857
2048 0.03125 0.857142857142857
2048 0.125 0.857142857142857
2048 0.5 0.857142857142857
2048 2 0.857142857142857
2048 8 0.857142857142857
8192 3.0517578125E-05 0.896428571428571
8192 0.0001220703125 0.857142857142857
8192 0.00048828125 0.857142857142857
8192 0.001953125 0.857142857142857
8192 0.0078125 0.857142857142857
8192 0.03125 0.857142857142857
8192 0.125 0.857142857142857
8192 0.5 0.857142857142857
8192 2 0.857142857142857
8192 8 0.857142857142857
32768 3.0517578125E-05 0.885714285714286
32768 0.0001220703125 0.853571428571429
32768 0.00048828125 0.857142857142857
32768 0.001953125 0.857142857142857
32768 0.0078125 0.857142857142857
32768 0.03125 0.857142857142857
32768 0.125 0.857142857142857
32768 0.5 0.857142857142857
32768 2 0.857142857142857
32768 8 0.857142857142857
